 723 
 41 
 0 
 0 
 0 
 0 
 0 
 0 
 0 
 511 
-1 
-1 
-1 
-1 
-1 
-8 
 0 
 0 
 0 
 0 
 0 
 0 
 0 
 0 
 0 
 511 
-1 
-1 
-1 
-1 
-1 
-8 
 0 
 0 
 0 
 0 
 0 
 0 
 0 
 0 
 0 
 511 
-1 
-1 
-1 
-1 
-1 
-8 
 0 
 0 
 0 
 0 
 0 
 0 
 0 
 0 
 0 
 1536 
 0 
 0 
 0 
 0 
 0 
 8 
 0 
 0 
 0 
 0 
 0 
 0 
 0 
 0 
 0 
 1536 
 0 
 0 
 0 
 0 
 0 
 8 
 0 
 0 
 0 
 0 
 0 
 0 
 0 
 0 
 0 
 1536 
 0 
 0 
 0 
 0 
 0 
 8 
 0 
 0 
 0 
 0 
 0 
 0 
 0 
 0 
 0 
 1024 
 0 
 0 
 0 
 0 
 0 
 8 
 0 
 0 
 0 
 0 
 0 
 0 
 0 
 0 
 0 
 1024 
 0 
 0 
 0 
 0 
 0 
 8 
 0 
 0 
 0 
 0 
 0 
 0 
 0 
 0 
 0 
 1024 
 0 
 0 
 0 
 0 
 0 
 8 
 0 
 0 
 0 
 0 
 0 
 0 
 0 
 0 
 0 
 1024 
 0 
 0 
 0 
 0 
 0 
 8 
 0 
 0 
 0 
 0 
 0 
 0 
 0 
 0 
 0 
 1024 
 0 
 0 
 0 
 0 
 0 
 8 
 0 
 0 
 0 
 0 
 0 
 0 
 0 
 0 
 0 
 1024 
 0 
 0 
 0 
 0 
 0 
 8 
 0 
 0 
 0 
 0 
 0 
 0 
 0 
 0 
 0 
 1536 
 0 
 0 
 0 
 0 
 0 
 8 
 0 
 0 
 0 
 0 
 0 
 0 
 0 
 0 
 0 
 1536 
 0 
 0 
 0 
 0 
 0 
 8 
 0 
 0 
 0 
 0 
 0 
 0 
 0 
 0 
 0 
 1536 
 0 
 0 
 0 
 0 
 0 
 8 
 0 
 0 
 0 
 0 
 0 
 0 
 0 
 0 
 0 
 511 
-1 
-1 
-1 
-1 
-1 
-8 
 0 
 0 
 0 
 0 
 0 
 0 
 0 
 0 
 0 
 511 
-1 
-1 
-1 
-1 
-1 
-8 
 0 
 0 
 0 
 0 
 0 
 0 
 0 
 0 
 0 
 511 
-1 
-1 
-1 
-1 
-1 
-8 
 0 
 0 
 0 
 0 
 0 
 96 
 0 
 0 
 0 
 0 
 0 
 1 
 64 
 0 
 0 
 0 
 0 
 0 
 0 
 0 
 0 
 96 
 0 
 0 
 0 
 0 
 0 
 1 
 64 
 0 
 0 
 0 
 0 
 0 
 0 
 0 
 0 
 96 
 0 
 0 
 0 
 0 
 0 
 1 
 64 
 0 
 0 
 0 
 0 
 0 
 0 
 0 
 0 
 924 
 0 
 0 
 0 
 0 
 0 
 2 
 128 
 0 
 0 
 0 
 0 
 0 
 0 
 0 
 0 
 924 
 0 
 0 
 0 
 0 
 0 
 2 
 128 
 0 
 0 
 0 
 0 
 0 
 0 
 0 
 0 
 924 
 0 
 0 
 0 
 0 
 0 
 2 
 128 
 0 
 0 
 0 
 0 
 0 
 0 
 0 
 0 
 3075 
 0 
 0 
 0 
 0 
 0 
 2 
 128 
 0 
 0 
 0 
 0 
 0 
 0 
 0 
 0 
 3075 
 0 
 0 
 0 
 0 
 0 
 2 
 128 
 0 
 0 
 0 
 0 
 0 
 0 
 0 
 0 
 3075 
 0 
 0 
 0 
 0 
 0 
 2 
 128 
 0 
 0 
 0 
 0 
 0 
 0 
 0 
 0 
 4096 
-32768 
 0 
 0 
 0 
 0 
 4 
 256 
 0 
 0 
 0 
 0 
 0 
 0 
 0 
 0 
 4096 
-32768 
 0 
 0 
 0 
 0 
 4 
 256 
 0 
 0 
 0 
 0 
 0 
 0 
 0 
 0 
 4096 
-32768 
 0 
 0 
 0 
 0 
 4 
 256 
 0 
 0 
 0 
 0 
 0 
 63 
-1 
-1 
-8192 
 32767 
-1 
-64 
 0 
 0 
 8 
 512 
 0 
 0 
 0 
 0 
 0 
 63 
-1 
-1 
-8192 
 32767 
-1 
-64 
 0 
 0 
 8 
 512 
 0 
 0 
 0 
 0 
 0 
 63 
-1 
-1 
-8192 
 32767 
-1 
-64 
 0 
 0 
 8 
 512 
 0 
 0 
 0 
 0 
 0 
 24 
 0 
 0 
 0 
 0 
 0 
 384 
 0 
 0 
 16 
 1024 
 0 
 0 
 0 
 0 
 0 
 24 
 0 
 0 
 0 
 0 
 0 
 384 
 0 
 0 
 16 
 1024 
 0 
 0 
 0 
 0 
 0 
 24 
 0 
 0 
 0 
 0 
 0 
 384 
 0 
 0 
 16 
 1024 
 0 
 0 
 0 
 0 
 0 
 6 
 0 
 0 
 0 
 0 
 0 
 1536 
 0 
 0 
 32 
 2048 
 0 
 0 
 0 
 0 
 0 
 6 
 0 
 0 
 0 
 0 
 0 
 1536 
 0 
 0 
 32 
 2048 
 0 
 0 
 0 
 0 
 0 
 6 
 0 
 0 
 0 
 0 
 0 
 1536 
 0 
 0 
 32 
 2048 
 0 
 0 
 0 
 0 
 0 
 1 
-32768 
 0 
 0 
 0 
 0 
 6144 
 0 
 0 
 32 
 2048 
 0 
 0 
 0 
 0 
 0 
 1 
-32768 
 0 
 0 
 0 
 0 
 6144 
 0 
 0 
 32 
 2048 
 0 
 0 
 0 
 0 
 0 
 1 
-32768 
 0 
 0 
 0 
 0 
 6144 
 0 
 0 
 32 
 2048 
 0 
 0 
 0 
 0 
 0 
 0 
 24576 
 0 
 0 
 0 
 0 
 24576 
 0 
 0 
 64 
 4096 
 0 
 0 
 0 
 0 
 0 
 0 
 24576 
 0 
 0 
 0 
 0 
 24576 
 0 
 0 
 64 
 4096 
 0 
 0 
 0 
 0 
 0 
 0 
 24576 
 0 
 0 
 0 
 0 
 24576 
 0 
 0 
 64 
 4096 
 0 
 0 
 0 
 0 
 0 
 0 
 8191 
-1 
-1 
-1 
-1 
-32768 
 0 
 0 
 128 
 8192 
 0 
 0 
 0 
 0 
 0 
 0 
 8191 
-1 
-1 
-1 
-1 
-32768 
 0 
 0 
 128 
 8192 
 0 
 0 
 0 
 0 
 0 
 0 
 8191 
-1 
-1 
-1 
-1 
-32768 
 0 
 0 
 128 
 8192 
 0 
 0 
 0 
 0 
 0 
 0 
 0 
 0 
 0 
 12 
 24 
 0 
 0 
 0 
 256 
 16384 
 0 
 0 
 0 
 0 
 0 
 0 
 0 
 0 
 0 
 12 
 24 
 0 
 0 
 0 
 256 
 16384 
 0 
 0 
 0 
 0 
 0 
 0 
 0 
 0 
 0 
 12 
 24 
 0 
 0 
 0 
 256 
 16384 
 0 
 0 
 0 
 0 
 0 
 0 
 0 
 0 
 0 
 3 
 6 
 0 
 0 
 0 
 512 
-32768 
 0 
 0 
 0 
 0 
 0 
 0 
 0 
 0 
 0 
 3 
 6 
 0 
 0 
 0 
 512 
-32768 
 0 
 0 
 0 
 0 
 0 
 0 
 0 
 0 
 0 
 3 
 6 
 0 
 0 
 0 
 512 
-32768 
 0 
 0 
 0 
 0 
 0 
 0 
 0 
 0 
 0 
 0 
-16383 
-32768 
 0 
 0 
 512 
-32768 
 0 
 0 
 0 
 0 
 0 
 0 
 0 
 0 
 0 
 0 
-16383 
-32768 
 0 
 0 
 512 
-32768 
 0 
 0 
 0 
 0 
 0 
 0 
 0 
 0 
 0 
 0 
-16383 
-32768 
 0 
 0 
 512 
-32768 
 0 
 0 
 0 
 0 
 0 
 0 
 0 
 0 
 0 
 0 
 12288 
 24576 
 0 
 0 
 1025 
 0 
 0 
 0 
 0 
 0 
 0 
 0 
 0 
 0 
 0 
 0 
 12288 
 24576 
 0 
 0 
 1025 
 0 
 0 
 0 
 0 
 0 
 0 
 0 
 0 
 0 
 0 
 0 
 12288 
 24576 
 0 
 0 
 1025 
 0 
 0 
 0 
 0 
 0 
 0 
 0 
 0 
 0 
 0 
 0 
 3072 
 6144 
 0 
 0 
 2050 
 0 
 0 
 0 
 0 
 0 
 0 
 0 
 0 
 0 
 0 
 0 
 3072 
 6144 
 0 
 0 
 2050 
 0 
 0 
 0 
 0 
 0 
 0 
 0 
 0 
 0 
 0 
 0 
 3072 
 6144 
 0 
 0 
 2050 
 0 
 0 
 0 
 0 
 0 
 0 
 0 
 0 
 0 
 0 
 0 
 768 
 1536 
 0 
 0 
 4100 
 0 
 0 
 0 
 0 
 0 
 0 
 0 
 0 
 0 
 0 
 0 
 768 
 1536 
 0 
 0 
 4100 
 0 
 0 
 0 
 0 
 0 
 0 
 0 
 0 
 0 
 0 
 0 
 768 
 1536 
 0 
 0 
 4100 
 0 
 0 
 0 
 0 
 0 
 0 
 0 
 0 
 0 
 0 
 0 
 192 
 384 
 0 
 0 
 8200 
 0 
 0 
 0 
 0 
 0 
 0 
 0 
 0 
 0 
 0 
 0 
 192 
 384 
 0 
 0 
 8200 
 0 
 0 
 0 
 0 
 0 
 0 
 0 
 0 
 0 
 0 
 0 
 192 
 384 
 0 
 0 
 8200 
 0 
 0 
 0 
 0 
 0 
 0 
 0 
 0 
 0 
 0 
 0 
 48 
 96 
 0 
 0 
 8200 
 0 
 0 
 0 
 0 
 0 
 0 
 0 
 0 
 0 
 0 
 0 
 48 
 96 
 0 
 0 
 8200 
 0 
 0 
 0 
 0 
 0 
 0 
 0 
 0 
 0 
 0 
 0 
 48 
 96 
 0 
 0 
 8200 
 0 
 0 
 0 
 0 
 0 
 0 
 0 
 0 
 0 
 0 
 0 
 12 
 24 
 0 
 0 
 16400 
 0 
 0 
 0 
 0 
 0 
 0 
 0 
 0 
 0 
 0 
 0 
 12 
 24 
 0 
 0 
 16400 
 0 
 0 
 0 
 0 
 0 
 0 
 0 
 0 
 0 
 0 
 0 
 12 
 24 
 0 
 0 
 16400 
 0 
 0 
 0 
 0 
 0 
 0 
 0 
 0 
 0 
 0 
 0 
 3 
 6 
 0 
 0 
-32736 
 0 
 0 
 0 
 0 
 0 
 0 
 0 
 0 
 0 
 0 
 0 
 3 
 6 
 0 
 0 
-32736 
 0 
 0 
 0 
 0 
 0 
 0 
 0 
 0 
 0 
 0 
 0 
 3 
 6 
 0 
 0 
-32736 
 0 
 0 
 0 
 0 
 0 
 0 
 0 
 0 
 0 
 0 
 0 
 0 
-16383 
-32768 
 1 
 64 
 0 
 0 
 0 
 0 
 0 
 0 
 0 
 0 
 0 
 0 
 0 
 0 
-16383 
-32768 
 1 
 64 
 0 
 0 
 0 
 0 
 0 
 0 
 0 
 0 
 0 
 0 
 0 
 0 
-16383 
-32768 
 1 
 64 
 0 
 0 
 0 
 0 
 0 
 0 
 0 
 0 
 0 
 0 
 0 
 0 
 12288 
 24576 
 2 
 128 
 0 
 0 
 0 
 0 
 0 
 0 
 0 
 0 
 0 
 0 
 0 
 0 
 12288 
 24576 
 2 
 128 
 0 
 0 
 0 
 0 
 0 
 0 
 0 
 0 
 0 
 0 
 0 
 0 
 12288 
 24576 
 2 
 128 
 0 
 0 
 0 
 0 
 0 
 0 
 0 
 0 
 0 
 0 
 0 
 0 
 3072 
 6144 
 2 
 128 
 0 
 0 
 0 
 0 
 0 
 0 
 0 
 0 
 0 
 0 
 0 
 0 
 3072 
 6144 
 2 
 128 
 0 
 0 
 0 
 0 
 0 
 0 
 0 
 0 
 0 
 0 
 0 
 0 
 3072 
 6144 
 2 
 128 
 0 
 0 
 0 
 0 
 0 
 0 
 0 
 0 
 0 
 0 
 0 
 0 
 768 
 1536 
 4 
 256 
 0 
 0 
 0 
 0 
 0 
 0 
 0 
 0 
 0 
 0 
 0 
 0 
 768 
 1536 
 4 
 256 
 0 
 0 
 0 
 0 
 0 
 0 
 0 
 0 
 0 
 0 
 0 
 0 
 768 
 1536 
 4 
 256 
 0 
 0 
 0 
 0 
 0 
 0 
 0 
 0 
 0 
 0 
 0 
 63 
-1 
-1 
-1 
-1 
-1 
-2048 
 0 
 0 
 0 
 0 
 0 
 0 
 0 
 0 
 0 
 63 
-1 
-1 
-1 
-1 
-1 
-2048 
 0 
 0 
 0 
 0 
 0 
 0 
 0 
 0 
 0 
 63 
-1 
-1 
-1 
-1 
-1 
-2048 
 0 
 0 
 0 
 0 
 0 
 0 
 0 
 0 
 0 
 4128 
 0 
 0 
 0 
 0 
 0 
 2048 
 0 
 0 
 0 
 0 
 0 
 0 
 0 
 0 
 0 
 4128 
 0 
 0 
 0 
 0 
 0 
 2048 
 0 
 0 
 0 
 0 
 0 
 0 
 0 
 0 
 0 
 4128 
 0 
 0 
 0 
 0 
 0 
 2048 
 0 
 0 
 0 
 0 
 0 
 0 
 0 
 0 
 0 
 2080 
 0 
 0 
 0 
 0 
 0 
 30720 
 0 
 0 
 0 
 0 
 0 
 0 
 0 
 0 
 0 
 2080 
 0 
 0 
 0 
 0 
 0 
 30720 
 0 
 0 
 0 
 0 
 0 
 0 
 0 
 0 
 0 
 2080 
 0 
 0 
 0 
 0 
 0 
 30720 
 0 
 0 
 0 
 0 
 0 
 0 
 0 
 0 
 0 
 3104 
 0 
 0 
 0 
 0 
 1 
-32768 
 0 
 0 
 0 
 0 
 0 
 0 
 0 
 0 
 0 
 3104 
 0 
 0 
 0 
 0 
 1 
-32768 
 0 
 0 
 0 
 0 
 0 
 0 
 0 
 0 
 0 
 3104 
 0 
 0 
 0 
 0 
 1 
-32768 
 0 
 0 
 0 
 0 
 0 
 0 
 0 
 0 
 0 
 1056 
 0 
 0 
 0 
 0 
 6 
 0 
 0 
 0 
 0 
 0 
 0 
 0 
 0 
 0 
 0 
 1056 
 0 
 0 
 0 
 0 
 6 
 0 
 0 
 0 
 0 
 0 
 0 
 0 
 0 
 0 
 0 
 1056 
 0 
 0 
 0 
 0 
 6 
 0 
 0 
 0 
 0 
 0 
 0 
 0 
 0 
 0 
 0 
 2016 
 0 
 0 
 0 
 0 
 8 
 0 
 0 
 0 
 0 
 0 
 0 
 0 
 0 
 0 
 0 
 2016 
 0 
 0 
 0 
 0 
 8 
 0 
 0 
 0 
 0 
 0 
 0 
 0 
 0 
 0 
 0 
 2016 
 0 
 0 
 0 
 0 
 8 
 0 
 0 
 0 
 0 
 0 
 0 
 0 
 0 
 0 
 0 
 1056 
 0 
 0 
 0 
 0 
 16 
 0 
 0 
 0 
 0 
 0 
 0 
 0 
 0 
 0 
 0 
 1056 
 0 
 0 
 0 
 0 
 16 
 0 
 0 
 0 
 0 
 0 
 0 
 0 
 0 
 0 
 0 
 1056 
 0 
 0 
 0 
 0 
 16 
 0 
 0 
 0 
 0 
 0 
 0 
 0 
 0 
 0 
 0 
 3104 
 0 
 0 
 0 
 0 
 16 
 0 
 0 
 0 
 0 
 0 
 0 
 0 
 0 
 0 
 0 
 3104 
 0 
 0 
 0 
 0 
 16 
 0 
 0 
 0 
 0 
 0 
 0 
 0 
 0 
 0 
 0 
 3104 
 0 
 0 
 0 
 0 
 16 
 0 
 0 
 0 
 0 
 0 
 0 
 0 
 0 
 0 
 0 
 2080 
 0 
 0 
 0 
 0 
 32 
 0 
 0 
 0 
 0 
 0 
 0 
 0 
 0 
 0 
 0 
 2080 
 0 
 0 
 0 
 0 
 32 
 0 
 0 
 0 
 0 
 0 
 0 
 0 
 0 
 0 
 0 
 2080 
 0 
 0 
 0 
 0 
 32 
 0 
 0 
 0 
 0 
 0 
 0 
 0 
 0 
 0 
 0 
 4128 
 0 
 0 
 0 
 0 
 32 
 0 
 0 
 0 
 0 
 0 
 0 
 0 
 0 
 0 
 0 
 4128 
 0 
 0 
 0 
 0 
 32 
 0 
 0 
 0 
 0 
 0 
 0 
 0 
 0 
 0 
 0 
 4128 
 0 
 0 
 0 
 0 
 32 
 0 
 0 
 0 
 0 
 0 
 0 
 0 
 0 
 0 
 0 
 63 
-1 
-1 
-1 
-1 
-32 
 0 
 0 
 0 
 0 
 0 
 0 
 0 
 0 
 0 
 0 
 63 
-1 
-1 
-1 
-1 
-32 
 0 
 0 
 0 
 0 
 0 
 0 
 0 
 0 
 0 
 0 
 63 
-1 
-1 
-1 
-1 
-32 
 0 
 0 
 0 
 0 
 0 
 0 
 0 
 0 
 0 
 0 
 0 
 0 
 0 
 0 
 0 
 0 
 0 
 0 
 0 
 0 
 0 
 0 
 0 
 0 
 0 
 0 
 0 
 0 
 0 
 0 
 0 
 0 
 0 
 0 
 0 
 0 
 0 
 0 
 0 
 0 
 0 
 0 
 0 
 0 
 0 
 0 
 0 
 0 
 0 
 0 
 0 
 0 
 0 
 0 
 0 
 0 
 0 
 0 
 0 
 0 
 0 
 0 
 0 
 0 
 0 
 0 
 0 
 0 
 0 
 0 
 0 
 0 
 0 
 0 
 0 
 0 
 0 
 0 
 0 
 0 
 0 
 0 
 0 
 0 
 0 
 0 
 0 
 0 
 0 
 0 
 0 
 0 
 0 
 0 
 0 
 0 
 0 
 0 
 0 
 0 
 0 
 0 
 0 
 0 
 0 
 0 
 0 
 0 
 0 
 0 
 0 
 0 
 0 
 0 
 0 
 0 
 0 
 0 
 0 
 0 
 0 
 0 
 0 
 0 
 0 
 0 
 0 
 0 
 0 
 0 
 0 
 0 
 0 
 0 
 0 
 0 
 0 
 0 
 0 
 0 
 0 
 0 
 0 
 0 
 0 
 0 
 0 
 0 
 0 
 0 
 0 
 0 
 0 
 0 
 0 
 0 
 0 
 0 
 0 
 0 
 0 
 0 
 0 
 0 
 0 
 0 
 0 
 0 
 0 
 0 
 0 
 0 
 0 
 0 
 0 
 0 
 0 
 0 
 0 
 0 
 0 
 0 
 0 
 0 
 0 
 0 
 0 
 0 
 0 
 0 
 0 
 0 
 0 
 0 
 0 
 0 
 0 
 0 
 0 
 0 
 0 
 0 
 0 
 0 
 0 
 0 
 0 
 0 
 0 
 0 
 0 
 0 
 0 
 0 
 0 
 0 
 0 
 0 
 0 
 0 
 0 
 0 
 0 
 0 
 0 
 0 
 0 
 0 
 0 
 0 
 0 
 0 
 0 
 0 
 0 
 0 
 0 
 0 
 0 
 0 
 0 
 0 
 0 
 0 
 0 
 0 
 0 
 0 
 0 
 0 
 0 
 0 
 0 
 0 
 0 
 0 
 0 
 0 
 0 
 0 
 0 
 0 
 0 
 0 
 0 
 0 
 0 
 0 
 0 
 0 
 0 
 0 
 0 
 0 
 0 
 0 
 0 
 0 
 0 
 0 
 0 
 0 
 0 
 0 
 0 
 0 
 0 
 0 
 0 
 0 
 0 
 0 
 0 
 0 
 0 
 0 
 0 
 0 
 0 
 0 
 0 
 0 
 0 
 0 
 0 
 0 
 0 
 0 
 0 
 0 
 0 
 0 
 0 
 0 
 0 
 0 
 0 
 0 
 0 
 0 
 0 
 0 
 0 
 0 
 0 
 0 
 0 
 0 
 0 
 0 
 0 
 0 
 0 
 0 
 0 
 0 
 0 
 0 
 0 
 0 
 0 
 0 
 0 
 0 
 0 
 0 
 0 
 0 
 0 
 0 
 0 
 0 
 0 
 0 
 0 
 0 
 0 
 0 
 0 
 0 
 0 
 0 
 0 
 0 
 0 
 0 
 0 
 0 
 0 
 0 
 0 
 0 
 0 
 0 
 0 
 0 
 0 
 0 
 0 
 0 
 0 
 0 
 0 
 0 
 0 
 0 
 0 
 0 
 0 
 0 
 0 
 0 
 0 
 0 
 0 
 0 
 0 
 0 
 0 
 0 
 0 
 0 
 0 
 0 
 0 
 0 
 0 
 0 
 0 
 0 
 0 
 0 
 0 
 0 
 0 
 0 
 0 
 0 
 0 
 0 
 0 
 0 
 0 
 0 
 0 
 0 
 0 
 0 
 0 
 0 
 0 
 0 
 0 
 0 
 0 
 0 
 0 
 0 
 0 
 0 
 0 
 0 
 0 
 0 
 0 
 0 
 0 
 0 
 0 
 0 
 0 
 0 
 0 
 0 
 0 
 0 
 0 
 0 
 0 
 0 
 0 
 0 
 0 
 0 
 0 
 0 
 0 
 0 
 0 
 0 
 0 
 0 
 0 
 0 
 0 
 0 
 0 
 0 
 0 
 0 
 0 
 0 
 0 
 0 
 0 
 0 
 0 
 0 
 0 
 0 
 0 
 0 
 0 
 0 
 0 
 0 
 0 
 0 
 0 
 0 
 0 
 0 
 0 
 0 
 0 
 0 
 0 
 0 
 0 
 0 
 0 
 0 
 0 
 0 
 0 
 0 
 0 
 0 
 0 
 0 
 0 
 0 
 0 
 0 
 0 
 0 
 0 
 0 
 0 
 0 
 0 
 0 
 0 
 0 
 0 
 0 

 0 
 0 
 0 
 0 
 0 
 0 
 0 